$ANSIBLE_VAULT;1.1;AES256
64653036326638386136386561363031373837613766313035616536623263346361653833616234
6131633436373935613032376263303338343563316237370a363766653962356439393564343238
63646638313164386437363165386536326365366630343635656561356136393838393266656563
3234663130616330340a333530303032363562396164393462333030633164383535646238313836
33643031383438646530663030363532373639616661303037663933346239653332356338303966
35353736323134366333666330653134613738613761373631613638386436373833396265373133
32366331636561393339376237376437333363393966306230303530643839633764346131333434
66656434663465613264356565396364396636353065643064303366656337353036336263613637
65363765613966313861396336336361666338353030303865333735353762356531303461363433
34616464616338653365366235353064643266356139663532373066323166663266323832323865
39383837343734336136343535316430663936333265643134613762396539313263353732396236
64643465633564613439326330656233373735663937383366663830396135363531613961386230
66323435636534623563663334643735363030356164356335313938643834633135646161323931
32613263623434616637396434383933333966616563323863376638616534323265666434306432
65323539613839303965386230633033636263376534633462343331363838376463623938636465
39376637633662336664323435636163323433386531616264616431373263306466383766616463
34393032316332663361656132303038666566623530386138626438313830386135313535333165
64306632316133393939666631373739393936306265316563383533363336306263363938356433
64333132653336353835366363616531363262613932636263663431336564646333316562666533
39323663396331616261393263396365633635633963613263613464653736656631663730616362
30613666393065383730383832323530383930613266343062313533616465393062633130393837
66663831366161323032343066663234383032313661363862323762383262313331656661306338
65656363393564633461343033623333346631393964613737386361383536343239316238643364
63366664323461393362
